100
100
120
140
200
240
320
420
520
660
820
980
1180
1420
1660
1940
2240
2560
2920
3300
3720
4180
4660
5160
5720
6300
6900
7560
8240
8960
9720
10520
11360
12220
13140
14080
15080
16120
17180
18300
19460
20660
21920
23200
24540
25920
27340
28820
30340
31900
33520
35180
36900
38660
40480
42340
44240
46200
48220
50280
52400
54580
56800
59080
61400
63780
66220
68720
71280
73880
76540
79260
82040
84880
87780
90720
93740
96800
99940
103120
106380
109680
113060
116500
120000
123540
127160
130860
134600
138400
142280
146220
150220
154300
158420
162620
166900
171220
175620
0
